iter      cost      cost_change  |gradient|   |step|    tr_ratio  tr_radius  ls_iter  iter_time  total_time
   0  2.085508e+08    0.00e+00    2.73e+08   0.00e+00   0.00e+00  1.00e+04        0    3.21e+00    3.36e+00
   1  8.524235e+06    2.00e+08    3.09e+07   0.00e+00   9.69e-01  3.00e+04        1    3.48e+00    6.84e+00
   2  2.202733e+05    8.30e+06    7.84e+06   5.99e+01   9.76e-01  9.00e+04        1    3.49e+00    1.03e+01
   3  1.596193e+04    2.04e+05    2.30e+05   7.57e+00   9.99e-01  2.70e+05        1    3.39e+00    1.37e+01
   4  1.579723e+04    1.65e+02    2.30e+02   2.38e-01   1.00e+00  8.10e+05        1    3.62e+00    1.73e+01
   5  1.579723e+04    1.48e-04    5.08e-03   2.07e-04   1.00e+00  2.43e+06        1    3.24e+00    2.06e+01

Solver Summary (v 2.2.0-eigen-(3.4.0)-lapack-suitesparse-(7.6.0)-eigensparse)

                                     Original                  Reduced
Parameter blocks                           10                       10
Parameters                                 30                       30
Residual blocks                        196663                   196663
Residuals                              393326                   393326

Minimizer                        TRUST_REGION

Dense linear algebra library            EIGEN 
Trust region strategy     LEVENBERG_MARQUARDT
                                        Given                     Used
Linear solver                     DENSE_SCHUR              DENSE_SCHUR
Threads                                     8                        8
Linear solver ordering              AUTOMATIC                      5,5
Schur structure                         2,3,3                    2,3,3

Cost:
Initial                          2.085508e+08
Final                            1.579723e+04
Change                           2.085350e+08

Minimizer iterations                        6
Successful steps                            6
Unsuccessful steps                          0

Time (in seconds):
Preprocessor                         0.155403

  Residual only evaluation           0.117772 (6)
  Jacobian & residual evaluation    19.983487 (6)
  Linear solver                      0.276983 (6)
Minimizer                           20.511133

Postprocessor                        0.007545
Total                               20.674082

Termination:                      CONVERGENCE (Function tolerance reached. |cost_change|/cost: 3.454384e-15 <= 1.000000e-12)

Pose 0:
0.915888 -0.000158999 0.401435 -0.000629866 
0.369731 0.389839 -0.843401 -0.0177144 
-0.156361 0.920883 0.357107 263.165 
0 0 0 1 

Pose 1:
0.857447 -0.000336407 -0.514572 -0.0226749 
0.34759 0.737745 0.578717 0.0290319 
0.379429 -0.675079 0.632694 288.529 
0 0 0 1 

Pose 2:
0.804582 8.14122e-05 0.593841 0.0135762 
0.407506 0.727317 -0.552221 -0.0148083 
-0.431956 0.686301 0.585154 260.836 
0 0 0 1 

Pose 3:
0.179494 -2.67134e-05 -0.983759 -0.00177638 
0.760926 0.633814 0.13882 -0.00233353 
0.623517 -0.773485 0.113786 200.499 
0 0 0 1 

Pose 4:
0.995522 8.82904e-05 0.0945282 0.00602686 
0.0164731 0.984536 -0.174406 -0.024004 
-0.0930818 0.175182 0.980126 297.957 
0 0 0 1 

Average RMSE 0.0421428
