iter      cost      cost_change  |gradient|   |step|    tr_ratio  tr_radius  ls_iter  iter_time  total_time
   0  2.073480e+08    0.00e+00    2.86e+08   0.00e+00   0.00e+00  1.00e+04        0    3.42e+00    3.59e+00
   1  8.720471e+06    1.99e+08    2.89e+07   0.00e+00   9.67e-01  3.00e+04        1    3.55e+00    7.14e+00
   2  1.969303e+05    8.52e+06    6.46e+06   5.94e+01   9.79e-01  9.00e+04        1    3.47e+00    1.06e+01
   3  1.589961e+04    1.81e+05    1.66e+05   6.94e+00   9.99e-01  2.70e+05        1    2.89e+00    1.35e+01
   4  1.579723e+04    1.02e+02    1.21e+02   1.82e-01   1.00e+00  8.10e+05        1    2.88e+00    1.64e+01
   5  1.579723e+04    5.22e-05    3.80e-03   1.11e-04   1.00e+00  2.43e+06        1    2.88e+00    1.92e+01

Solver Summary (v 2.2.0-eigen-(3.4.0)-lapack-suitesparse-(7.6.0)-eigensparse)

                                     Original                  Reduced
Parameter blocks                           10                       10
Parameters                                 30                       30
Residual blocks                        196663                   196663
Residuals                              393326                   393326

Minimizer                        TRUST_REGION

Dense linear algebra library            EIGEN 
Trust region strategy     LEVENBERG_MARQUARDT
                                        Given                     Used
Linear solver                     DENSE_SCHUR              DENSE_SCHUR
Threads                                     8                        8
Linear solver ordering              AUTOMATIC                      5,5
Schur structure                         2,3,3                    2,3,3

Cost:
Initial                          2.073480e+08
Final                            1.579723e+04
Change                           2.073322e+08

Minimizer iterations                        6
Successful steps                            6
Unsuccessful steps                          0

Time (in seconds):
Preprocessor                         0.170854

  Residual only evaluation           0.144062 (6)
  Jacobian & residual evaluation    18.574750 (6)
  Linear solver                      0.313907 (6)
Minimizer                           19.166254

Postprocessor                        0.006792
Total                               19.343900

Termination:                      CONVERGENCE (Function tolerance reached. |cost_change|/cost: 2.763507e-15 <= 1.000000e-12)

Pose 0:
0.915888 -0.000158999 0.401435 -0.000629866 
0.369731 0.389839 -0.843401 -0.0177144 
-0.156361 0.920883 0.357107 263.165 
0 0 0 1 

Pose 1:
0.857447 -0.000336407 -0.514572 -0.0226749 
0.34759 0.737745 0.578717 0.0290319 
0.379429 -0.675079 0.632694 288.529 
0 0 0 1 

Pose 2:
0.804582 8.14122e-05 0.593841 0.0135762 
0.407506 0.727317 -0.552221 -0.0148083 
-0.431956 0.686301 0.585154 260.836 
0 0 0 1 

Pose 3:
0.179494 -2.67134e-05 -0.983759 -0.00177638 
0.760926 0.633814 0.13882 -0.00233353 
0.623517 -0.773485 0.113786 200.499 
0 0 0 1 

Pose 4:
0.995522 8.82904e-05 0.0945282 0.00602686 
0.0164731 0.984536 -0.174406 -0.024004 
-0.0930818 0.175182 0.980126 297.957 
0 0 0 1 
